146
188
194
194
19
184
94
45
145
52
113
81
12
25
76
191
27
193
42
184
91
61
58
78
65
82
82
90
121
175
192
185
2
170
161
37
72
77
3
99
186
99
147
132
39
168
94
193
66
78
139
190
120
64
103
200
71
10
1
112
92
98
177
139
169
73
82
134
124
108
79
170
21
101
172
80
119
117
131
5
22
137
99
37
99
145
159
1
145
133
21
46
153
52
12
47
150
180
150
140
60
27
101
11
9
11
82
84
101
133
107
71
142
174
111
182
155
111
129
91
162
102
52
10
83
72
29
171
94
57
118
154
53
100
42
161
111
189
131
146
53
78
131
150
196
56
164
85
69
188
90
167
33
181
104
65
47
97
127
143
135
128
70
49
83
95
162
63
132
119
120
75
10
72
126
28
180
32
16
106
102
16
126
3
163
180
77
19
199
185
82
45
158
142
187
195
61
84
174
170
131
150
138
88
55
110
88
81
122
73
35
122
191
114
117
138
167
48
56
67
5
162
102
25
117
19
163
188
1
163
138
93
111
34
6
51
37
91
90
190
103
56
197
63
146
118
186
3
187
67
19
141
45
99
103
200
162
99
152
159
27
151
177
23
128
155
11
157
19
61
155
66
148
156
75
170
19
158
115
123
124
6
0
72
70
91
119
126
124
45
14
161
184
188
23
70
19
39
87
67
115
169
145
136
163
181
189
161
39
17
149
194
185
43
164
135
13
137
119
143
20
36
74
175
195
178
101
103
79
173
172
147
70
23
120
156
79
191
27
91
59
67
167
100
152
12
35
5
111
54
23
27
108
191
3
50
42
86
126
100
7
45
118
127
156
124
182
122
29
12
128
159
83
117
164
96
126
163
102
95
108
143
168
176
23
129
181
110
104
32
189
2
177
38
187
13
40
177
113
192
81
63
106
104
164
103
57
76
69
0
16
114
129
43
114
100
199
28
1
166
200
62
23
8
157
4
194
179
19
169
105
1
68
130
21
94
107
68
146
192
21
166
117
125
121
151
13
148
187
16
75
4
135
131
29
148
2
99
139
186
93
11
196
94
58
19
178
40
169
166
145
191
79
170
12
117
13
93
193
143
121
95
67
140
111
86
55
151
96
137
41
106
191
179
32
84
69
138
113
194
166
128
183
121
195
86
60
38
181
153
41
36
131
171
176
141
116
189
117
155
155
91
72
194
158
67
59
25
90
114
180
2
167
191
175
148
149
121
78
62
7
125
5
39
154
195
0
65
36
112
32
166
134
55
148
175
166
158
59
42
88
53
12
20
42
130
37
163
162
20
25
140
49
56
158
70
197
131
99
193
117
153
161
145
178
120
14
26
4
65
190
174
171
149
169
80
163
165
99
30
186
68
194
148
102
58
87
196
144
147
142
176
178
14
169
195
154
20
126
19
153
104
51
167
31
142
114
54
107
69
87
94
162
67
110
115
4
155
99
116
144
153
157
106
199
136
31
68
144
157
180
17
173
51
82
14
152
47
143
169
138
35
60
115
90
191
190
100
6
93
24
186
156
106
67
39
122
49
54
171
134
161
177
20
130
55
180
194
87
82
30
48
61
192
94
8
145
179
36
54
37
184
82
111
160
21
50
60
54
107
117
142
8
29
1
21
176
106
25
188
193
166
100
44
10
180
96
156
52
103
192
20
89
165
23
23
31
25
29
196
122
23
174
89
146
39
77
37
19
19
25
176
36
6
13
4
142
192
112
20
184
93
42
82
191
82
11
186
70
100
189
163
0
135
146
45
150
176
56
172
62
156
75
54
151
89
22
104
2
173
60
173
180
189
78
146
128
37
75
62
120
86
131
137
196
56
4
107
134
82
135
155
8
103
32
56
68
97
43
140
94
13
149
44
156
88
168
32
94
150
82
47
17
161
22
160
25
152
165
195
160
5
122
15
86
189
3
38
140
94
1
142
85
71
127
125
107
192
84
98
38
9
175
137
60
194
18
200
96
150
89
26
133
9
170
175
164
126
31
151
172
168
107
90
191
62
144
20
41
8
60
0
112
149
144
199
163
197
19
81
23
83
84
88
103
190
118
84
91
100
169
118
145
56
99
87
27
31
196
88
175
187
140
95
130
24
139
186
164
164
120
27
82
107
46
185
63
87
177
50
24
7
111
65
144
157
47
96
83
186
82
127
168
125
65
82
106
1
32
58
47
63
154
138
21
12
199
45
76
181
112
161
197
134
144
181
151
9
141
145
168
165
195
41
112
14
96
190
108
142
156
199
21
166
28
173
148
95
66
139
81
141
178
145
116
22
130
149
165
106
177
103
127
89
90
40
157
117
74
20
120
72
183
82
45
148
141
140
37
179
23
69
69
102
169
199
42
59
79
196
80
91
127
105
94
117
76
96
63
159
17
190
2
85
99
186
92
30
150
54
78
44
137
2
117
91
121
24
176
129
92
26
99
40
119
75
30
141
76
186
117
148
174
140
76
40
2
79
38
113
51
6
38
25
166
118
99
172
186
7
157
123
105
85
47
2
131
159
44
4
128
92
170
33
52
64
80
15
61
5
41
31
162
200
13
192
14
8
1
171
15
192
101
145
81
15
69
162
58
28
14
65
156
160
96
111
18
64
57
172
18
95
36
2
151
191
105
80
74
122
113
95
108
2
40
97
54
196
103
157
177
141
100
124
39
31
127
72
106
159
89
38
78
110
19
62
17
4
82
83
99
168
68
158
60
199
71
14
140
84
69
16
104
185
170
177
152
14
200
74
148
9
62
123
71
118
55
181
52
196
173
124
108
46
46
5
7
13
178
11
199
36
160
180
186
47
185
24
50
86
42
53
164
180
160
163
55
42
140
18
88
12
35
153
155
200
192
111
200
179
117
27
122
4
66
166
89
64
153
129
54
3
73
74
144
41
81
22
16
33
79
102
4
58
26
101
21
49
156
166
62
103
144
118
115
102
72
48
75
79
123
148
152
43
142
49
105
95
198
105
88
0
39
144
89
12
200
133
120
140
15
115
125
93
166
34
7
71
19
128
197
166
72
24
68
118
39
77
88
48
120
27
135
111
11
54
175
113
68
122
27
35
192
158
147
91
86
1
60
165
79
79
58
36
8
82
79
82
109
160
19
151
74
142
70
169
189
44
193
194
132
135
58
131
115
142
92
75
69
62
64
36
25
10
122
63
39
113
69
140
187
57
80
196
83
101
146
166
174
62
19
148
170
7
6
39
6
72
171
114
152
103
154
4
183
185
52
74
169
62
25
37
20
59
61
137
153
87
189
59
